000001200
000000020
000000075
000000000
000000000
000000000
000000000
000000000
000000000
000000000
000000000
000010000
000010000
000020000
000030000
000040000
000050000
000060000
000070000
000080000
000090000
000000000
000000000
000000000
000000000
000000000
000000000
000000000
000010000
000010000
000020000
000030000
000040000
000050000
000060000
000070000
000080000
000090000
000000000
000000000
000000000
000000000
000000000
000000000
000010000
000010000
000020000
000030000
000040000
000050000
000060000
000070000
000080000
000090000
000000000
000000000
000000000
000000000
000000000
000000000
000000000
000010000
000010000
000020000
000030000
000040000
000050000
000060000
000070000
000080000
000090000
000000000
000000000
000000000
000000000
000000000
000000000
000000000
000000000
000000000
000000000
000000000
000000000
000000000
000000000
000010000
000010000
000020000
000030000
000040000
000050000
000060000
000070000
000080000
000090000
000000000
000000000
000000000
000000000
000000000
000000000
000000000
000000000
000000000
000000000
000000000
000000000
000000000
000000000
000000000
000000000
000000000
000000000
000000000
000000000
000000000
000000000
000000000
000000000
000000000
000010000
000010000
000020000
000030000
000040000
000050000
000060000
000070000
000080000
000090000
000000000
000000000
000000000
000000000
000000000
000000000
000000000
000000000
000000000
000000000
000000000
000000000
000000000
000000000
000000000
000000000
000000000
000000000
000000000
000000000
000000000
000000000
000010000
000010000
000020000
000030000
000040000
000050000
000060000
000070000
000080000
000090000
000000000
000000000
000000000
000000000
000000000
000000000
000000000
000000000
000000000
000000000
000000000
000000000
000000000
000000000
000000000
000000000
000000000
000000000
000000000
000000000
000000000
000000000
000000000
000000000
000000000
000010000
000010000
000020000
000030000
000040000
000050000
000060000
000070000
000080000
000090000
000000000
000000000
000000000
000000000
000000000
000000000
000000000
000000000
000000000
000000000
000000000
000000000
000000000
000000000
000000000
000000000
000000000
000000000
000000000
000000000
000000000
000000000
000000000
000000000
000000000
000010000
000010000
000020000
000030000
000040000
000050000
000060000
000070000
000080000
000090000
000010000
000010000
000020000
000030000
000040000
000050000
000060000
000070000
000080000
000090000
000000000
000000000
000000000
000000000
000000000
000000000
000000000
000000000
000000000
000000000
000000000
000000000
000000000
000101000
000101000
000202000
000303000
000404000
000505000
000606000
000707000
000808000
000909000
000000000
000000000
000000000
000000000
000000000
000000000
000000101
000000101
000000202
000000303
000000404
000000505
000000606
000000707
000000808
000000909
000000000
000000000
000000000
000000000
000000000
000000000
000000000
000000000
000010000
000010000
000020000
000030000
000040000
000050000
000060000
000070000
000080000
000090000
000000000
000000000
000000000
000000000
000000000
000000000
000000000
000000000
000000000
000000000
000000000
000000000
000000000
000000000
000000000
000000000
000000000
000000000
000000000
000000000
000000000
000000000
000010000
000010000
000020000
000030000
000040000
000050000
000060000
000070000
000080000
000090000
000000000
000000000
000000000
000000000
000000000
000000000
000000000
000000000
000000000
000000000
000000000
000000000
000000000
000000000
000000000
000000000
000000000
000000000
000000000
000000000
000000000
000000000
000000000
000000000
000000000
000000000
000010000
000010000
000020000
000030000
000040000
000050000
000060000
000070000
000080000
000090000
000000000
000000000
000000000
000000000
000000000
000010000
000010000
000020000
000030000
000040000
000050000
000060000
000070000
000080000
000090000
000000000
000000000
000000000
000000000
000000000
000000000
000000000
000000000
000000000
000010000
000010000
000020000
000030000
000040000
000050000
000060000
000070000
000080000
000010000
000010000
000020000
000030000
000040000
000050000
000060000
000070000
000181000
000191000
000202000
000303000
000404000
000505000
000606000
000707000
000808000
000909000
000000000
000000000
000000000
000000000
000000000
000000000
101000000
101000000
202000000
303000000
404000000
505000000
606000000
707000000
808000000
909000000
000000000
000000000
000000000
000000000
000000000
000000000
000000000
000000000
000000101
000000101
000000202
000000303
000000404
000000505
000000606
000000707
000000808
000000909
000000000
000000000
000000000
000000000
000000000
000000000
000000000
000101000
000101000
000202000
000303000
000404000
000505000
000606000
000707000
000808000
000909000
000000000
000000000
000000000
000000000
000000000
000000000
000000000
000000000
000000000
000000000
000000000
000000000
000000000
000000000
000000000
000000000
000000000
000000000
000000000
000000000
000000000
000000000
000101000
000101000
000202000
000303000
000404000
000505000
000606000
000707000
000808000
000909000
000000000
000000000
000000000
000000000
000000000
000000000
000000000
000000000
000000000
000000000
000000000
000000000
000000000
000000000
000000000
000000000
000000000
000000000
000000000
000000000
000000000
000000000
000000000
000101000
000101000
000202000
000303000
000404000
000505000
000606000
000707000
000808000
000909000
000000000
000000000
000000000
000000000
000000000
000000000
000000000
000000000
000000000
000000000
000000000
000000000
000000000
000000000
000000000
000000000
000000000
000000000
000000000
000000000
000000000
000000000
000000000
000000000
000101000
000101000
000202000
000303000
000404000
000505000
000606000
000707000
000808000
000909000
000000000
000000000
000000000
000000000
000000000
000000000
000000000
000000000
000000000
000000000
000000000
000000000
000000000
000000000
000000000
000000000
000000000
000000000
000000000
000000000
000000000
000000000
000000000
000000000
000000000
000101000
000101000
000202000
000303000
000404000
000505000
000606000
000707000
000808000
000909000
000000000
000000000
000000000
000000000
000000000
000000000
000000000
000000000
000000000
000000000
000000000
000000000
000000000
000000000
000000000
000000000
000000000
000000000
000000000
000000000
000000000
000000000
000000101
000000101
000000202
000000303
000000404
000000505
000000606
000000707
000000808
000000909
000000000
000010000
000010000
000020000
000030000
000040000
000050000
000060000
000070000
000080000
000191000
000101000
000202000
000303000
000404000
000505000
000606000
000707000
000808000
001909000
101000000
102000000
203000000
304000000
405000000
506000000
607000000
708000000
809000000
900000000
000000000
000000000
000000000
000000000
000000000
000000001
000000001
000000002
000000003
000000004
000000005
000000006
000000007
000000008
000000009
000000000
000000000
000000000
000000000
000000000
000000000
000000000
000000100
000000100
000000200
000000300
000000400
000000500
000000600
000000700
000000800
000000900
000000000
000000000
000000000
000000000
000010000
000010000
000020000
000030000
000040000
000050000
000060000
000070000
000080000
000090000
000000000
000000000
000000000
000000000
000000000
000000000
000000000
000000000
000000000
000000000
000000000
000000000
000000000
000000000
000000000
000000000
000000000
000000000
000000000
000000000
000000000
000000000
000010000
000010000
000020000
000030000
000040000
000050000
000060000
000070000
000080000
000090000
000000000
000000000
000000000
000000000
000000000
000000000
000000000
000000000
000000000
000000000
000000000
000000000
000000000
000000000
000000000
000000000
000000000
000000000
000000000
000010000
000010000
000020000
000030000
000040000
000050000
000060000
000070000
000080000
000090000
000000000
000000000
000000000
000000000
000000000
000000000
000000000
000000000
000000000
000000000
000000000
000000000
000000000
000000000
000000000
000000000
000000000
000000000
000000000
000000000
000000000
000000000
000000000
000000000
000000000
000010000
000010000
000020000
000030000
000040000
000050000
000060000
000070000
000080000
000090000
000000000
000000000
000000000
000000000
000000000
000000000
000000000
000000000
000000000
000000000
000000000
000000000
000000000
000000000
000000000
000000000
000000000
000000000
000000000
000000000
000000000
000010000
000010000
000020000
000030000
000040000
000050000
000060000
000070000
000080000
000090000
000000000
000000000
000000000
000000000
000000000
000000000
000000000
000000000
000000000
000000000
000000000
000000000
000000000
000000000
000000000
000000000
000000000
000000000
000000000
000000000
000000000
000000000
000000000
000000000
000000000
000010000
000010000
000020000
000030000
000040000
000050000
000060000
000070000
000080000
000090000
000000000
000000000
000000000
000000000
000000000
000000000
000000000
000000000
000000000
000000000
000000000
000000000
000000000
000000000
000000000
000000000
000000000
000000000
000000000
000000000
000000000
000000000
000000000
000000000
000000001
000000001
000000002
000000003
000000004
000000005
000000006
000000007
000000008
100000009
100000000
200000000
300000000
400000000
500000000
600000000
700000100
800000100
900000200
000000300
000000400
000000500
000000600
000000700
000000800
001000900
001000000
002000000
003000000
004000000
005000000
006000000
007000000
008000000
009101000
000101000
000202000
000303000
000404000
000505000
000606000
000707000
000101000
000101000
000202000
000303000
000404000
000505000
000606000
000707000
000808000
000909101
000000101
000000202
000000303
000000404
000000505
000000606
000000707
000000808
101000909
101000000
202000000
303000000
404000000
505000000
606000000
707000000
808000000
909000000
000000000
000000000
000000000
000000000
000000000
000010000
000010000
000020000
000030000
000040000
000050000
000060000
000070000
000080000
000090000
000000000
000000000
000000000
000000000
000000000
000000000
000010000
000010000
000020000
000030000
000040000
000050000
000060000
000070000
000080000
000090000
000000000
000000000
000000000
000000000
000000000
000000000
000000000
000000000
000010000
000010000
000020000
000030000
000040000
000050000
000060000
000070000
000080000
000090000
000000000
000000000
000000000
000000000
000000000
000000000
000000000
000000000
000000000
000000000
000000000
000000000
000000000
000000000
000000000
000000000
000000000
000000000
000000000
000000000
000000000
000000000
000010000
000010000
000020000
000030000
000040000
000050000
000060000
000070000
000080000
000090000
000000000
000000000
000000000
000000000
000000000
000000000
000000000
000000000
000000000
000000000
000000000
000000000
000000000
000000000
000000000
000000000
000000000
000000000
000010000
000010000
000020000
000030000
000040000
000050000
000060000
000070000
000080000
000090000
000000000
000000000
000000000
000000000
000000000
000000000
000000000
000000000
000000000
000000000
000000000
000000000
000000000
000000000
000000000
000000000
000000000
000000000
000000000
000000000
000000000
000000000
000000000
000000000
000101000
000101000
000202000
000303000
000404000
000505000
000606000
000707000
000808000
000909000
000000000
000000000
000000000
000000000
000000000
000000000
000000000
000000000
000000000
000000000
000000000
000000000
000000000
000000000
000000000
000000000
000000000
000000000
000000000
000000000
000000000
000000000
000000000
000101000
000101000
000202000
000303000
000404000
000505000
000606000
000707000
000808000
000909000
000000000
000000000
000000000
000000000
000000000
000000000
000000000
000000000
000000000
000000000
000000000
000000000
000000000
000000000
000000000
000000000
000000000
000000000
000000000
000000000
000000000
000000000
000000000
000000000
000000000
000000101
000000101
000000202
000000303
000000404
000000505
000000606
000000707
000000808
000000909
000000000
000000000
000000000
000000000
000000000
000000000
000000000
000000000
000000000
000000000
000000000
000000000
000000000
000000000
000000000
000000000
000000000
000000000
000000000
000000000
000000000
000000000
000000000
000000000
000000001
000000001
000000002
000000003
000000004
000000005
000000006
000000007
000000008
000000009
000000000
000000000
