000001200
000000020
000000082
000000000
000000000
000000000
000000000
000000000
000000000
000000000
000000000
000000000
000000000
000000000
000000000
000000000
000000000
000000000
000000000
000000000
000000000
000000000
000000000
000000000
000000000
000000000
000000000
000000000
000000000
000000000
000000000
000000000
000000000
000000000
000000000
000000000
000000000
000000000
000000000
000000000
000000000
000000000
000000000
000000000
010000000
010000000
020000000
030000000
040000000
050000000
060000000
070000000
080000000
090000000
000000000
000000000
000000000
000000000
000000000
000000000
010000000
010000000
020000000
030000000
040000000
050000000
060000000
070000000
080000000
090000000
000000000
000000000
000000000
000000000
000000000
000000000
000000000
010000000
010000000
020000000
030000000
040000000
050000000
060000000
070000000
080000000
090000000
000000000
000000000
000000000
000000000
000000000
000000000
000000000
010000000
010000000
020000000
030000000
040000000
050000000
060000000
070000000
080000000
090000000
000000000
000000000
000000000
000000000
000000000
000000000
000000000
000000000
000000000
000000000
000000000
000000000
000000000
000000000
000000000
101000000
101000000
202000000
303000000
404000000
505000000
606000000
707000000
808000000
909000000
000000000
000000000
000000000
000000000
000000000
000000000
000000000
000000000
000000000
000000000
000000000
000000000
000000000
000000000
000000000
000000000
000000000
000000000
000000000
000000000
000000000
000000000
000000000
000000000
101000000
101000000
202000000
303000000
404000000
505000000
606000000
707000000
818000000
919000000
020000000
030000000
040000000
050000000
060000000
070000000
080000000
090000000
000000000
000000000
000000000
000000000
000000000
000000000
000000000
000000000
000000000
000000000
000000000
000000000
000000000
000000000
000000000
010000000
010000000
020000000
030000000
040000000
050000000
060000000
070000000
181000000
191000000
202000000
303000000
404000000
505000000
606000000
707000000
808000000
909000000
000000000
000000000
000000000
000000000
000000000
000000000
000000000
000000000
000000000
000000000
000000000
000000000
000000000
000000000
000000000
000000000
000000000
100000000
100000000
200000000
300000000
400000000
500000000
600000000
700000000
810000000
910000000
020000000
030000000
040000000
050000000
060000000
070000000
081000000
091000000
002000000
003000000
004000000
005000000
006000000
007000000
008000000
009000000
000000000
000000000
000000000
000000000
000000000
000000000
000000000
000000000
000000000
000000000
000000000
000000000
000000000
000000000
000000000
000000000
000000000
000000000
000000000
000000000
000000000
000000000
000000000
000000000
000000000
000000000
000000000
000000000
000000000
000000000
000000000
000000000
000000000
000000000
000000000
000000000
000000000
000000000
000000000
000000000
000000000
001000000
001000000
002000000
003000000
004000000
005000000
006000000
007000000
018000000
019000000
020000000
030000000
040000000
050000000
060000000
070000000
080000000
190000000
100000000
200000000
300000000
400000000
500000000
600000000
700000000
800000000
900000000
000000000
000000000
000000000
000000000
000000000
000000000
100000000
111000000
211000000
322000000
433000000
544000000
655000000
766000000
877000000
988000000
099000000
000000000
000000000
000000000
000000000
000000000
000000000
000000000
000000000
000000000
000000000
000000000
000000000
000000000
000000000
000000000
000000000
000000000
000000000
000000000
000000000
000000000
000000000
000000000
000000000
010000000
010000000
020000000
030000000
040000000
050000000
060000000
070000000
180000000
190000000
200000000
300000000
400000000
500000000
600000000
700000000
801000000
901000000
002000000
003000000
004000000
005000000
006000000
007000000
008000000
009000000
000000000
000000000
000000000
000000000
000000000
000000000
000000000
000000000
001000000
001000000
002000000
003000000
004000000
005000000
006000000
007000000
008000000
019000000
010000000
020000000
030000000
040000000
050000000
060000000
070000000
080000000
190000000
100000000
200000000
300000000
400000000
500000000
600000000
700000000
800000000
900000000
000000000
000000000
000000000
000000000
000000000
000000000
010000000
010000000
020000000
030000000
040000000
050000000
060000000
070000000
080000000
090000000
000000000
000000000
000000000
000000000
000000000
000000000
000000000
000000000
000000000
000000000
000000000
000000000
000000000
000000000
000000000
000000000
000000000
000000000
000000000
000000000
000000000
000000000
000000000
010000000
010000000
020000000
030000000
040000000
050000000
060000000
070000000
080000000
090000000
000000000
000000000
000000000
000000000
000000000
000000000
000000000
000000000
000000000
000000000
000000000
000000000
000000000
000000000
000000000
000000000
000000000
000000000
000000000
000000000
000000000
000000000
000000000
010000000
010000000
020000000
030000000
040000000
050000000
060000000
070000000
080000000
191000000
101000000
202000000
303000000
404000000
505000000
606000000
707000000
808000000
919000000
010000000
020000000
030000000
040000000
050000000
060000000
070000000
080000000
191000000
101000000
202000000
303000000
404000000
505000000
606000000
707000000
808000000
909000000
000000000
000000000
000000000
000000000
000000000
000000000
000000000
000000000
000000000
000000000
000000000
000000000
000000000
000000000
000000000
000000000
000000000
000000000
000000000
000000000
000000000
000000000
000000000
000000000
000000000
000000000
000000000
000000000
000000000
000000000
000000000
010000000
010000000
020000000
030000000
040000000
050000000
060000000
070000000
181000000
191000000
202000000
303000000
404000000
505000000
606000000
707000000
808000000
919000000
010000000
020000000
030000000
040000000
050000000
060000000
070000000
080000000
191000000
101000000
202000000
303000000
404000000
505000000
606000000
707000000
808000000
909000000
000000000
000000000
000000000
000000000
000000000
000000000
000000000
000000000
000000000
000000000
000000000
000000000
000000000
000000000
000000000
000000000
000000000
000000000
000000000
000000000
000000000
000000000
000000000
000000000
000000000
000000000
000000000
000000000
000000000
000000000
000000000
000000000
000000000
100000000
100000000
200000000
300000000
400000000
500000000
600000000
700000000
810000000
910000000
020000000
030000000
040000000
050000000
060000000
070000000
080000000
091000000
001000000
002000000
003000000
004000000
005000000
006000000
007000000
008000000
009000000
000000000
000000000
000000000
000000000
000000000
000000000
000000000
001000000
001000000
002000000
003000000
004000000
005000000
006000000
007000000
018000000
019000000
020000000
030000000
040000000
050000000
060000000
070000000
180000000
190000000
200000000
300000000
400000000
500000000
600000000
700000000
800000000
900000000
000000000
000000000
000000000
000000000
000000000
000000000
000000000
000000000
010000000
010000000
020000000
030000000
040000000
050000000
060000000
070000000
180000000
190000000
200000000
300000000
400000000
500000000
600000000
700000000
800000000
901000000
001000000
002000000
003000000
004000000
005000000
006000000
007000000
008000000
009000000
000000000
000000000
000000000
000000000
000000000
000000000
000000000
000000000
010000000
010000000
020000000
030000000
040000000
050000000
060000000
070000000
080000000
090000000
000000000
000000000
000000000
000000000
000000000
000000000
000000000
000000000
000000000
000000000
000000000
000000000
000000000
000000000
000000000
000000000
000000000
000000000
000000000
000000000
000000000
000000000
010000000
010000000
020000000
030000000
040000000
050000000
060000000
070000000
080000000
090000000
000000000
000000000
000000000
000000000
000000000
000000000
000000000
000000000
000000000
000000000
000000000
000000000
000000000
000000000
000000000
000000000
000000000
000000000
000000000
000000000
000000000
000000000
000000000
000000000
010000000
010000000
020000000
030000000
040000000
050000000
060000000
070000000
181000000
191000000
202000000
303000000
404000000
505000000
606000000
707000000
818000000
919000000
020000000
030000000
040000000
050000000
060000000
070000000
180000000
191000000
201000000
302000000
403000000
504000000
605000000
706000000
807000000
908000000
009000000
000000000
000000000
000000000
000000000
000000000
000000000
000000000
000000000
000000000
000000000
000000000
000000000
000000000
000000000
000000000
000000000
000000000
000000000
000000000
000000000
000000000
000000000
000000000
000000000
000000000
000000000
000000000
000000000
000000000
000000000
000000000
000000000
010000000
010000000
020000000
030000000
040000000
050000000
060000000
070000000
181000000
191000000
202000000
303000000
404000000
505000000
606000000
707000000
808000000
919000000
010000000
020000000
030000000
040000000
050000000
060000000
070000000
181000000
191000000
202000000
303000000
404000000
505000000
606000000
707000000
808000000
909000000
000000000
000000000
000000000
000000000
000000000
000000000
000000000
000000000
000000000
000000000
000000000
000000000
000000000
000000000
000000000
000000000
000000000
000000000
000000000
000000000
000000000
000000000
000000000
000000000
000000000
000000000
000000000
000000000
000000000
000000000
000000000
000000000
000000000
010000000
010000000
020000000
030000000
040000000
050000000
060000000
071000000
081000000
092000000
003000000
004000000
005000000
006000000
007000000
008000000
009000000
100000000
100000000
200000000
300000000
400000000
500000000
600000000
700000000
810000000
910000000
020000000
030000000
040000000
050000000
060000000
070000000
080000000
091000000
001000000
002000000
003000000
004000000
005000000
006000000
007000000
008000000
109000000
100000000
200000000
300000000
400000000
500000000
600000000
700000000
801000000
901000000
002000000
003000000
004000000
005000000
006000000
007000000
008000000
009000000
100000000
100000000
200000000
300000000
400000000
500000000
600000000
700000000
800000000
900000000
000000000
000000000
000000000
000000000
000000000
000000000
000000000
000000000
000000000
000000000
000000000
000000000
000000000
000000000
000000000
000000000
000000000
000000000
000000000
000000000
000000000
000000000
000000000
000000000
000000000
000000000
000000000
000000000
000000000
000000000
000000000
010000000
010000000
020000000
030000000
040000000
050000000
060000000
070000000
180000000
190000000
200000000
300000000
400000000
500000000
600000000
700000000
800000000
901000000
001000000
002000000
003000000
004000000
005000000
006000000
007000000
008000000
019000000
010000000
020000000
030000000
040000000
050000000
060000000
070000000
080000000
090000000
000000000
000000000
000000000
000000000
000000000
000000000
000000000
000000000
000000000
000000000
000000000
000000000
000000000
000000000
000000000
000000000
000000000
000000000
000000000
000000000
000000000
000000000
000000000
000000000
000000000
000000000
000000000
000000000
000000000
000000000
000000000
000000000
001000000
001000000
002000000
003000000
004000000
005000000
006000000
007000000
018000000
019000000
020000000
030000000
040000000
050000000
060000000
070000000
180000000
190000000
200000000
300000000
400000000
500000000
600000000
700000000
800000000
910000000
010000000
020000000
030000000
040000000
050000000
060000000
070000000
080000000
090000000
000000000
000000000
000000000
000000000
000000000
000000000
000000000
000000000
000000000
000000000
000000000
000000000
000000000
000000000
000000000
000000000
000000000
000000000
000000000
000000000
000000000
000000000
000000000
000000000
000000000
000000000
000000000
000000000
000000000
000000000
000000000
000000000
000000000
010000000
010000000
020000000
030000000
040000000
050000000
060000000
170000000
180000000
290000000
300000000
400000000
500000000
600000000
700000000
800000000
900000000
000000000
000000000
000000000
000000000
000000000
000000000
000000000
000000000
000000000
000000000
000000000
000000000
000000000
000000000
000000000
000000000
000000000
