000000090
000000020
000000003
000000000
000000000
000000000
000000000
000000000
000000000
000000000
000000000
000000000
000000000
000000000
000000000
000000000
000000000
000000000
000000000
000000000
000000000
000000000
000000000
000000100
000000100
000000200
000000300
000000400
000000500
000000600
000000700
000000800
000000900
000000000
000000000
000000000
000000000
000000000
000000000
000000000
000000000
000000000
000000000
000000000
000000000
000000000
000000000
000000000
000000000
000000000
000000000
000000000
000000000
000000100
000000100
000000200
000000300
000000400
000000500
000000600
000000700
000000800
000000900
000000000
000000000
000000000
000000000
000000000
000000000
000000000
000000000
000000000
000000000
000000000
000000000
000000000
000000000
000000000
000000000
000000000
000000000
000000000
000000000
000000100
000000100
000000200
000000300
000000400
000000500
000000600
000000700
000000800
000000900